0 3.7037e-11 0 0
1 -1.86634 1 -1.63544
2 -9.57786 1 -1.6496
3 -9.60339
3 -9.5736
2 -1.8221 1 -1.6143
3 -9.47392
3 -1.79636 1 -1.5651
4 -9.29024
4 -1.75864 1 -1.47527
5 -8.90976
5 -1.71105 1 -1.2353
6 -7.96082 1 -1.46331
7 -8.59194
7 -7.92186 1 -1.45057
8 -8.54183
8 -7.88107
6 -1.62869 1 -1.07552
7 -6.74857
7 -1.58875 0 -1.03707
8 -12.6712
8 -1.5458 1 -0.993776
9 -5.862
9 -1.52833 1 -0.93947
10 -5.31028
10 -1.5183 1 -0.922768
11 -7.03422
11 -1.48103 0 -0.909714
12 -12.9033
12 -1.40969 1 -0.906693
13 -6.80651
13 -1.37447 1 -0.854822
14 -6.19289
14 -1.31312 1 -0.831286
15 -5.81113
15 -1.29236 1 -0.80186
16 -5.39597
16 -1.27066 1 -0.788796
17 -5.19029
17 -1.2617 0 -0.77777
18 -9.47661
18 -1.22198 0 -0.751783
19 -9.5812
19 -1.17374 1 -0.748417
20 -4.90962
20 -1.148 1 -0.688282
21 -4.49088
21 -1.1155 0 -0.634571
22 -9.44103
22 -1.06283 1 -0.620904
23 -3.5379
23 -1.04961 1 -0.584428
24 -3.10773
24 -1.04366 1 -0.508827
25 -2.66607
25 -1.03324 0 -0.504093
26 -6.31259
26 -0.965047 0 -0.488893
27 -6.25112
27 -0.939259 1 -0.474053
28 -2.25182
28 -0.93513 0 -0.460139
29 -6.07831
29 -0.89664 1 -0.453483
30 -2.04866
30 -0.894302 1 -0.43989
31 -1.92369
31 -0.892938 1 -0.43891
32 -4.80886
32 -0.884271 1 -0.435843
33 -4.81075
33 -0.853792 1 -0.426339
34 -4.57827 1 -0.435327
35 -4.57904
35 -4.5782
34 -0.813824 1 -0.423608
35 -4.44796
35 -0.805283 1 -0.41021
36 -4.27129
36 -0.771433 1 -0.405063
37 -4.13095
37 -0.760357 1 -0.395734
38 -4.01306
38 -0.742386 1 -0.382651
39 -3.84364
39 -0.719951 1 -0.375115
40 -3.73315
40 -0.708168 1 -0.36964
41 -3.43316
41 -0.70079 1 -0.359347
42 -2.66629
42 -0.693237 1 -0.352453
43 -2.54273
43 -0.688545 1 -0.327742
44 -2.36094
44 -0.672843 1 -0.312914
45 -2.17237
45 -0.664405 1 -0.304021
46 -2.02354
46 -0.659722 1 -0.289013
47 -1.9063
47 -0.652161 1 -0.275164
48 -1.78079
48 -0.645823 1 -0.254417
49 -1.61236
49 -0.637231
1 1.86634 1 1.6474
2 1.84738 1 1.63963
3 1.8284 1 1.57153
4 1.76252 1 1.46224
5 1.70508 1 1.39575
6 1.67884 1 1.28682
7 1.64289 1 1.08151
8 1.58989 0 1.03515
9 1.54257 0 1.00084
10 1.49388 1 0.965616
11 1.46927 1 0.936231
12 1.46376 1 0.922473
13 1.42599 1 0.892678
14 1.36666 1 0.870297
15 1.33703 1 0.83628
16 1.30117
16 6.21096
15 6.56589
14 6.89256
13 7.0262
12 5.37567
11 5.79916
10 12.9109
9 12.6866
8 6.88393
7 7.86812
6 8.34431
5 8.9221
4 9.39167
3 9.5761
2 9.60239
