0 0 1 0.0331456
1 0 1 -1.08504
2 0 1 -1.63485
3 -9.43064
3 -8.31969
2 0 0 -0.836032
3 -12.814
3 0 1 -0.755864
4 0 1 -1.00011
5 -3.08872
5 -5.80449
4 0 0 -0.609513
5 -9.46679
5 0 0 -0.509782
6 -6.31348
6 0 0 -0.470712
7 -6.1983
7 0 1 -0.413689
8 0 1 -0.730347
9 -2.16489
9 0 1 -0.701766
10 -2.57269
10 -2.90429
8 0 0 -0.289566
9 -5.68269
9 0 1 -0.244295
10 -1.53245
10 0 1 -0.165742
11 -0.639322
11 0 0 -0.149183
12 -2.22989
12 0 1 -0.0636807
13 0 1 -0.150286
14 -0.277338
14 -0.687204
13 0 1 0.0296177
14 0 0 0.0234896
15 0 1 -0.0576378
16 -0.645806
16 0 0 -0.0549162
17 -0.655637
17 0 0 -0.0546009
18 -0.65379
18 0 0 -0.0544372
19 -0.650296
19 0 0 -0.0537349
20 -0.640078
20 0 0 -0.0528409
21 -0.634331
21 0 0 -0.0512849
22 -0.636374
22 0 0 -0.0495923
23 -0.634893
23 0 1 -0.048324
24 -0.498665
24 0 0 -0.0456751
25 -0.596986
25 0 1 -0.0451681
26 -0.490883
26 0 0 -0.0414855
27 -0.553515
27 0 0 -0.0394661
28 -0.514379
28 0 0 -0.0382323
29 -0.505019
29 0 0 -0.0368775
30 -0.491262
30 0 1 -0.0363626
31 -0.366384
31 0 0 -0.0354001
32 -0.464591
32 0 1 -0.0345803
33 -0.333111
33 0 1 -0.0312031
34 -0.285687
34 0 0 -0.0279883
35 -0.408468
35 0 0 -0.0125931
36 0 1 -0.0285279
37 -0.329922
37 -0.253494
36 0 1 0.0278665
37 0.0407985
37 0.218899
15 0.780517
14 0.450153
1 0 1 1.54483
2 0 1 1.47594
3 0 1 1.37535
4 0 1 1.26352
5 0 1 1.08909
6 0 0 1.02041
7 0 1 1.00308
8 0 1 0.929683
9 0 1 0.891306
10 0 1 0.874901
11 0 1 0.827127
12 0 1 0.786558
13 0 0 0.7749
14 1.67959
14 10.2933
13 6.56495
12 4.96161
11 6.78615
10 7.12295
9 6.00264
8 6.36895
7 12.7567
6 7.75993
5 8.4997
4 8.99662
3 8.76364
2 9.68021
